4963613
4963641
4963756
4963952
4927235
4927235
4927623
4927623
4934388
4935533
4935533
4924445
4924445
4925249
4925249
4940709
4945654
4947580
4947580
7181555
7181555
7188958
7198010
7198010
7314114
7314114
7314114
7314114
7314768
7324256
7324256
7324256
7329315
7339385
7261685
7261816
7263237
7263299
7267357
7281423
7281423
7290144
7313145
7313145
7201732
7201732
7207321
7217534
7220808
7220808
7225770
7231085
7231085
7237540
7237540
7237540
7242194
7242194
7242194
7243655
7243655
7243655
4991154
7060876
7060876
7066313
7066313
7066313
7066313
7067468
7067468
7086767
7134885
7140361
7143592
4986658
4968453
7143592
7143592
7147390
7156195
7163750
7166130
4893585
4893585
4894122
4894872
4894872
4894872
4895792
4896991
4896991
4897413
4897413
4897546
4897546
4897546
4898031
4898031
4898388
4898388
4898462
4898488
4898488
4899077
4899077
4899077
4900410
4900410
4900410
4918475
4918475
4919907
4919907
4880547
4880547
4880929
4884965
4886789
4889550
4889550
4890132
4890132
4891948
4891948
4891984
4892518
4892518
4892518
4892518
4892557
4892613
4892613
4892613
7487123
7500269
7501959
7472781
7472781
7472781
7480660
7483255
7422401
7422401
7422401
7427503
7427503
7428473
7428473
7432070
7398350
7408051
7411969
7341863
7350381
7367074
7369267
7380248
7386355
7557438
7557719
7562387
7565702
7566836
7583457
7583457
7583457
7583457
7586422
7598661
7598771
7512592
7522564
7539316
7542161
7545545
7545545
7545545
7550926
7553899
7553900
7553901
7553902
7529386
7530509
7531115
7533511
9842360
9859072
9860331
9862040
9863931
9870351
9894892
9897335
9899171
9906955
3014274
3511099
9877131
9877222
9877286
9877289
9877505
9878884
9886596
9887024
3679169
3763441
3845667
3865570
3881911
3888494
3902377
3912647
3959888
4313278
4996630
9856678
9700737
9703747
9704113
9704114
9704149
9704150
9707119
9692020
9692023
9697252
9682014
9684678
9685933
9516109
9518904
9519604
9523515
9527787
9537406
9541871
9543057
9493496
9498610
9500316
9502631
9455711
9456627
9476839
9477085
9481243
9484033
9485736
9503223
9504513
9505083
9509537
9510529
9471414
9242427
9242464
9252106
9253985
9301320
9301489
9301489
9304562
9274452
9276167
9317440
9325707
9307430
9307551
9307554
9307572
9307711
9307852
9307863
9307872
9307882
9307886
9307895
9307897
9307906
9307911
9307918
9307920
9307943
9307969
9308024
9308123
9309385
9290088
9295137
9299758
9299758
9300077
9300083
9548953
9550753
9600921
9600922
9600923
9600924
9605237
9605830
9611881
9557134
9558655
9583333
9589776
9589807
9371392
9372485
9380255
9391789
9391791
9392221
9351016
9353401
9355112
9355801
9358463
9359037
9367117
9446940
9345722
9417994
9417996
9417997
9417998
9417999
9418001
9418007
9423136
9423173
9423176
9393679
9401187
9402147
9408384
9327639
9333030
9750561
9753494
9754149
9758726
9711015
9714995
9717596
9718676
9721599
9723830
9726594
9729168
9730897
9733961
9734349
9737931
9794675
9795477
9641232
9666794
9491719
9117224
9176962
9177020
9570931
9584443
9591423
9591424
9591425
9593250
9510078
9196904
9203372
9204845
9205667
9620633
9616899
9616989
9624868
9625477
9627012
9627037
9627071
9634709
9634714
9634715
9634720
9634730
9635153
9638956
9639328
9639329
9639330
9640198
9642894
9646230
9650201
9652889
9657193
9657876
7436814
9546586
9547033
9550232
9559966
9571246
9583666
9584507
9585162
9593642
9599370
9612938
9668831
9670897
9675391
9676408
9677413
9681468
9683235
9696489
9745392
9759893
9757857
9762315
9771077
977156
9775889
9782119
9783300
9795927
9805955
9811050
9811062
9811063
9811073
9829443
9847925
9859283
9860366
9878440
9590995
9696602
9088052
9094507
9101532
7385268
7385325
7385346
7162834
7251802
7311156
7312002
9763604
7685875
7469643
7974260
7974260
7937373
7941017
7948427
7956488
7976887
7961565
7723255
7815435
7816130
7817313
7635354
7635354
7699340
7606198
7606650
7632894
7632894
7632894
7632894
7679269
7681140
7693766
7661844
9041384
9041384
9034704
9067806
9076397
9077283
9086276
9090766
9090784
9090790
9093313
9093313
9097074
9097074
9097393
9097393
9047886
9047886
9052721
9060039
9166403
9170365
9182795
9190687
9201972
9209423
9236916
9240568
9097874
9097874
9097874
9097926
9097926
9097926
9097931
9097931
9097931
9097931
9098132
9098663
9098663
9098663
9099942
9099942
9101282
9101759
9101759
9101759
9102494
9102494
9103183
9103183
9103993
9103993
9127800
9128474
9137086
9137086
9137177
9137177
9137177
9142443
9148661
9104592
9107446
9107446
7825937
7873052
7869025
7869025
7869025
7871465
7871465
7900906
7903796
7908700
7917244
7919404
7881371
7882992
7885849
7831370
7846300
7852819
7982999
7994362
7998690
7998690
7998690
7999237
7999237
7999237
7990633
7990633
7991069
7991069
7991069
7991069
7991988
7987732
7987732
7987902
7988273
7988273
7988326
7988326
9010263
9011098
9011098
9011098
9011098
9011104
9011104
9012701
9004336
9004336
9004336
9004336
9004952
9004952
9005059
9005059
9005332
9005332
9018911
9018911
9019131
9019131
9019989
9019989
9019989
9020364
9020364
9020857
9020857
9020857
9007399
9007399
9008537
9008537
9009585
9009585
9013294
9013294
9015519
9016648
9016875
9016875
10903542
10905366
10905642
10905646
10937504
10938916
10952373
1095869
10941210
10941597
10946052
10946578
10946579
10946580
10968414
10919136
10928090
10928091
10928092
10928093
10928791
10914025
10971032
10972493
10972498
10972502
10972515
10973901
10973918
10974023
10975437
10977750
10977761
10977764
10977767
10977775
10977796
10977810
10977829
11003185
11004012
11007128
11007612
11019462
11019472
11019476
11023697
11023699
10979201
10985801
10987505
11029282
11032358
11032359
11032376
11038113
11050489
11052203
11055294
11055975
11056052
11073795
11079304
11079476
11079493
11080390
11081475
11083505
11083567
11084179
11084205
11084670
11065609
11069675
11105716
11040367
11093512
11098503
11099468
11100388
11101453
1231924
1231926
14246
14965
11425710
11425712
11425720
11425723
11425727
11427880
11428744
11386383
11396405
11404512
11408735
11438678
11415445
11415446
11419111
8587501
8639072
8688891
8688895
8699299
8519357
8649336
865144
8551738
8729132
8729133
8730057
8734216
8736747
11111924
11116719
11118378
11181482
11186507
11138946
11145631
11124982
11129004
11131040
11170179
11172214
11148247
11156089
11158886
8308875
8256615
8279296
8048133
8063475
8089456
8098769
8343420
8344765
83910
840022
8443577
8444102
8448241
8160908
11320931
11326965
11337019
11340306
11344097
11350986
11359291
11284717
11286152
11293938
11296057
11304396
11306688
11306979
11314099
11251479
11255636
11260686
11210213
11197974
11228987
11230738
11244005
11215886
11217728
6726345
1636005
1673668
8000257
8009128
8009994
8017822
8027505
6114571
63799
6505870
6550812
6707
1991216
406773
444263
54877
19348
6865075
8849535
8951740
8306050
8728981
8780781
6493490
10847212
10869801
10869803
10869804
10869823
10869824
10869825
10869826
10869827
10869829
10878680
10918366
10934432
10935096
10955284
10960002
10895893
10901185
10912309
10828399
10926089
10965181
10887004
10887114
10894518
10830209
10982185
10992601
10993850
11011367
10727884
10266487
10457784
10468276
10507163
10386601
10400355
10400452
10400534
10400540
10438821
10438827
10151870
10181088
10197118
10214912
10551995
10569359
10578192
10583199
8998328
91362
91790
10020720
10027804
10275450
10275451
10276230
10276231
10276243
10279876
10284001
10306199
10316234
10327438
10328222
10365839
10104703
10134220
10146696
10372911
10438836
10193871
10201560
10202475
10203000
10214902
10218788
10219595
10224518
10252044
8777557
8795413
8796058
8975821
8975821
8975821
8873
8873
8873
8842779
8844996
8861221
8941160
8953409
8953410
8953411
8953412
8910148
8815628
8829999
8833639
8837629
11169284
11326062
1660170
11398571
11399253
11415451
11427012
11296036
11244357
491950
492501
10252174
10361297
10364670
10413067
10427100
10431905
10433486
10313
10332077
10333329
10341996
10345919
10353953
10355830
10281309
10394747
10394750
10398348
10398384
73033
735128
741968
742100
749720
596376
609453
610427
614565
616448
616794
625299
562461
565683
568333
571110
571708
585634
589392
594353
636938
636941
636942
636947
648707
693366
696285
701507
706399
711752
714597
716847
503307
50853
55919
665575
679864
680962
681722
689606
689794
691812
10465952
10467031
10470038
10480464
10482276
10443171
10450150
10454893
10463936
10515936
10500126
10522688
10523929
10524422
10525783
10527065
10153115
10174227
10067760
10196719
10200602
10220435
951801
954901
965280
965300
965334
965338
970036
9751
10141966
993637
997754
997792
998972
999025
913623
923304
934750
758611
772022
773657
834363
834986
839346
839347
845958
862532
872325
875258
805708
808469
815174
820063
822076
822491
824003
824090
830875
830907
783925
7848
796188
801558
899437
902104
848617
932959
860682
870704
688800
554010
644433
712479
3748551
3766529
10408642
10411981
10412383
10412447
10412707
10245450
10252922
10365605
10383004
10383006
10266301
10280977
10309694
10346512
10195581
10198026
10044009
10062422
10062423
10062427
10062428
10062430
10062431
10141012
10026882
974260
3678896
3682405
3698419
3698420
3698421
3729723
10524101
10535644
10535652
10536547
10477627
10482269
10484583
10484838
10484862
10485715
10485721
10502301
10502307
10502312
10503406
10503412
10503417
10503422
10503429
10503433
10503439
10503446
10503451
10503461
10503656
10503663
10503669
10503682
10503689
10503695
10542603
10543260
10544199
10549270
10554956
10487517
10487519
10489487
10491929
10492718
10492720
10493402
10493914
10494986
10500642
10500644
10500655
10500657
10500659
10459891
10509297
10515593
10516264
10516266
10516276
10518101
10519245
11097525
11084679
11090412
11092072
11092140
11075027
10909387
10953049
10897130
10897132
10929886
10874153
10876519
10876549
10876555
10834179
10851755
10855511
10857424
10848216
10849028
10850024
10883485
10888103
10891749
10730944
10735037
10735071
10735131
10735132
10735137
10738000
10739847
10701771
10702133
10702201
10702887
10702917
10703431
10704041
10705281
10705293
10705827
10705994
10718121
10718303
10718423
10718794
10718847
10719040
10719272
10719274
10719372
10719501
10719676
10720252
10720279
10720372
10720447
10721031
10724813
10683608
10690167
10690168
10690170
10690172
10690173
10707690
10711265
10711338
10711409
10711495
10711623
10712219
10712313
10712352
10712565
10712635
10712649
10713038
10675312
10677323
11014144
11014341
11014373
10982456
10985409
11001689
11006493
11008663
11019483
10808093
10808727
10816676
10760516
10761603
10766821
10794646
10795836
10795838
10799437
10800042
10800083
10785699
10786934
10773996
10774143
10650741
10651049
10651262
10654196
10656478
10656481
10658749
10658750
10658753
10659432
10597158
10597160
10597665
10599807
10600245
10600359
10601806
10601942
10602143
10602789
10602867
10603299
10603301
10605019
10609318
10573021
10573091
10661000
10661002
10663292
10664607
10666790
10667322
10587517
10592698
10592767
10594157
10615844
10618067
2701656
2707941
2709126
2676536
2676549
2723142
2807258
2807866
2807898
2655057
2666286
2768742
2768929
2726798
2841573
2844112
2863392
2881789
2884822
2563912
2563995
2565150
2604345
2605488
2609523
3359269
3326667
3374008
3374337
3347772
3347782
3347793
3347803
3347980
3348007
3348021
3348036
3331873
3332218
3332487
3335030
3470612
3447438
3310586
3310587
3296604
3288130
3568320
3578542
3589735
3601583
3602929
3603040
3542044
3543816
3510631
3495644
3495920
3660377
3662811
3613549
3615385
3673482
3675946
3652122
3632281
3636559
3401296
3415417
1987630
1989828
1995370
11131136
11383175
11074802
11090932
11105668
8906853
8960114
8434955
8623139
6735504
10891680
10893481
10893482
10902625
10912885
10867031
10872025
10600682
10600684
10600697
10600712
10619305
10620437
10626314
10626316
10631588
10631591
10631597
10631599
10631601
10631602
10634103
10634106
10634111
10634113
10634116
10634118
10636656
10636657
10636667
10636671
10640092
10919886
10949719
10734749
10761251
8821181
8826788
8826788
8794725
8807780
8807781
8807782
8807785
8987291
8987385
8987390
8987401
8885578
8911054
8848814
8929768
8950150
8950150
8954380
91228
93960
10477775
10388734
10431166
10313926
10548893
10556331
10567417
10567424
10580253
10580274
10580307
10001246
10026383
10403176
10468506
10513848
10513865
10513874
10517206
10174652
6895324
6895779
6916455
67620
6781981
6847385
1797081
1848449
1848450
1848452
1848454
1848455
1848457
6104845
6104848
6104851
6104852
6104855
6104859
6104860
6104862
6311
465965
11115130
11180624
11181165
11131804
11134075
11413685
11416178
11417429
11417430
11417600
11417601
11417602
11425754
11428581
11377682
11381722
11381723
11437853
11437918
11389458
11393266
11400459
11401601
8763713
8763717
8763720
8763722
8763724
8763726
8688966
8702024
8491788
8617478
8537074
8537084
8537165
8537703
8538249
8538253
8538267
8540668
8540744
8540747
8540754
8540985
8550109
8550109
8553403
8553467
8553632
8553949
8553955
8555130
8558674
8558806
8558915
8558953
8560409
8562171
8562177
8562236
8562963
8573279
8495239
8496511
8499892
8500087
8500959
8500973
8500978
8500986
8500999
8501014
8502741
8506469
8684697
11209930
11210087
11211274
11211275
11253015
11257687
11249403
11250055
11234627
8178327
8238785
8265770
8275281
8287811
8323419
8323420
8323552
8323554
8323555
8323557
8323558
8323561
8323562
8323785
8323786
8323787
8323789
8328570
8328571
8328572
8333521
8333522
8333523
8333538
8333539
8421751
8070763
11307191
11351434
11359662
11326150
11332738
11335225
11292931
11294565
11278584
11278878
2987421
2976660
2970610
3005762
3006242
2905168
2906388
2910992
3178019
3139977
3062783
3108206
3081355
3103652
3068090
3074424
3268539
10358295
10667034
10684665
10844758
10853583
11169658
11258325
1190512
8886387
10332375
10342634
10406685
10470099
10543613
10564737
10564740
10598672
10712055
10712095
10766203
10938976
10954576
10963371
10997984
11028223
11054683
11054732
11087088
11181579
11216492
11226423
11242988
11307432
11385090
11388836
11436539
6812892
2135194
2148218
2149944
2149946
2149948
2149950
2149960
2149967
2149972
2149977
2149981
2149985
2149995
2149996
2150131
2150135
2150136
2150155
2150165
2150180
2150191
2150204
2150222
2150228
2150230
2150234
2150251
2150445
8763076
8447845
8836053
11216977
11223955
11142034
11054061
11054062
11079354
11023630
11023950
10975347
11083464
11089316
11089319
11100498
11101728
2726045
2703187
2662373
2670067
2670183
2670187
2671146
2678528
2737732
2743810
2745235
2650005
2650010
2650012
2652952
2656342
2551518
2553113
2565089
2566527
2566528
2566529
2566530
2569450
2618463
2577496
2577499
2583276
2586135
2592509
2592511
2545382
2546718
2610371
2610372
2611500
2614452
2614453
2493552
2155361
2156799
2160823
2161808
2163217
2163350
2163387
2226150
2226184
2233899
2236621
2238623
2348469
2412220
2415168
2420743
2333259
2263888
2274688
2479878
2479879
2479924
2485705
2449251
2456302
2456304
11375381
11422007
6119500
6415601
6532801
1162757
11339083
11339084
11339085
6865080
6869113
6893893
6912991
8266554
11287496
11315522
2332967
2340800
981313
10552799
10677452
10683401
10818507
1752377
2039179
2041365
2043349
2048998
2052723
2055113
2012777
2013731
2062859
2001451
2002229
2025130
1964405
1968359
1968604
1970164
1972290
1977211
1980075
1956024
1959740
1995589
1997459
1941677
1987437
1987938
2245550
2246168
2247003
2255174
2256355
2298015
2269732
2270236
2242244
2243294
2273929
2274483
2277059
2277065
2277366
2112901
2113476
2114517
2143201
2149734
2129182
2164891
2120732
2121247
1759662
1767171
1845936
1847007
1823982
1833119
1773921
1784735
1806646
1814343
1814522
1802305
8857491
8463340
8532134
8651877
8789955
8842579
8209623
8225330
1847219
1847219
6053983
6116947
6271776
2065559
2073703
2074339
2084811
2086581
2088160
2096142
2108666
1895706
1897759
1897937
1909794
1862088
1886451
1928781
1935695
1936312
1917865
1925405
2188638
2188680
2188691
2188723
2188728
2190225
2191312
2191378
2192955
2194303
2180146
2180841
2184282
2226870
2234377
2234389
2197152
2197368
2197713
2215036
2219724
2219730
2221939
2225003
2225582
2225585
2225587
2171408
2206475
2207577
2210054
5148212
5148358
5148465
5139611
5139866
5142030
5144195
5134378
5135434
5137004
5137006
5165783
5151237
5151823
5154247
5158924
5171530
5171740
5175726
5175869
5205091
5194153
5213019
5213033
5208641
5209049
5210646
5188751
5183354
5184002
5184182
5097527
5098089
5129154
5130561
5105132
5106321
5106463
5106473
5106483
5106485
5106487
5106499
5106799
2883893
2885221
2886936
2887942
2890507
2890637
2893241
2893324
2894240
2896742
2951997
2905578
2906160
2913214
2913257
2962616
2962621
2973174
5033034
5035810
2992317
2995714
2998010
2998826
2983644
2986350
2986816
2989338
2976224
2978088
2978105
2978150
5015253
5015692
5017501
2844453
2870081
2878400
2880417
2881276
2881524
2881687
2882758
2856333
2806236
2815207
2824382
2824508
5071342
5071343
5071344
5071345
5074642
5083841
5084544
5088605
5063133
5065630
5066635
5067087
5067105
5067118
5067127
5067855
5068142
5053262
5053352
5281696
5283063
5294533
5295305
5297883
5270333
5300868
5277778
5291924
5292173
5308102
5311405
5351122
5351123
5352800
5354597
5345383
5339335
5339336
5321158
5324745
1524795
1524922
1529477
1537745
1541636
1459605
1472644
1496652
1506500
1510920
1595709
1598271
1444599
1447865
1451250
1554083
1572228
1583225
5381447
5381448
5408542
5410926
5369890
1743322
1754977
1703019
1703522
1707168
1661813
1663819
1644672
1644685
1644690
1651668
5422828
5426132
5429980
5430202
5413124
5421345
1061536
1191775
1215138
1293188
5432576
5434129
1305358
1307433
1339157
1339186
1368692
1397145
1397145
5256089
5257435
5249649
5236717
5236719
5236737
5238943
5241036
9015003
9006083
9006083
9006256
9006256
9002206
9017754
9026104
9031241
9080966
7960302
7960302
7960366
7961838
7961838
7956692
7956692
7956692
7956735
7956962
7956962
7957406
7957406
7957910
7957910
7957910
7959094
7959094
7931609
7967388
7967388
7967388
7969680
7969680
7969780
7969780
7969836
7965104
7652872
7699434
7699439
7699462
7703044
7704214
7641458
7684689
7691043
7650575
7620481
7996727
7996902
7996902
7996902
7981309
7981309
7991715
7992971
7992971
9107942
9099743
9099743
9099743
9182100
9228377
9152997
9156959
9156959
9156959
9111752
9111752
7831842
7856827
7871747
7871747
7828789
7873952
7874268
7926645
7528820
7534777
7538593
7538752
7587804
7587804
7560217
7571730
7571730
7572029
7595823
7505475
7234882
7234882
7234882
7176832
7313764
7214432
7289904
7297139
7244542
7250086
7250086
4708560
4708560
4713178
4774064
4863084
4804773
4808893
4929130
4929270
4922509
4962141
4925370
4925370
4926704
4934647
4952130
4952728
7479296
7448773
7451375
7393507
7173267
7173267
7135822
7129483
7143698
7143698
4974822
4975974
4984235
4971676
4891199
4891199
4891199
4908245
4909676
4909700
4909700
4909700
4895990
4895990
4885319
4913297
4917543
4919760
4919760
1921527
1928702
1929447
1945308
1932464
1734003
1741567
1762682
1705468
1706802
1066885
1126415
1170992
1805467
1850873
1801754
1831678
1573491
1579622
1580515
1580517
1580519
1580520
1580521
1580523
1580525
1580526
1580527
1581517
1581535
1581544
1581553
1581561
1581566
1542034
1543696
1544625
136849
1260332
1320272
1320797
1491806
1425432
1427931
1400504
1409347
1384017
4468744
4488581
4530594
4560744
4574486
4574486
4593495
4593495
4593495
4579414
4579414
4579414
4579788
4579788
4579788
4386047
4386850
4386850
4378229
4388381
4388381
4388381
4390153
4390153
4249577
4662020
4660007
4660971
4660971
4660971
4660971
4661279
4661279
4661279
4661795
4668134
4677168
4677168
4670133
4670133
4670704
4420945
4401956
4393368
4394099
4394644
4394644
4394930
4394930
4397938
4398526
4399127
4417038
4417215
4417215
4418984
4418984
4420010
4420010
4420257
4406395
4406395
4408130
4408130
4408619
4411153
4411153
3855554
3643669
4130814
4655574
4656633
4656699
4657026
4657300
4658030
4658030
4658493
4691557
4694042
4680550
4680550
4682651
4691279
4691279
4678426
4680133
7501580
7620965
7621011
4843978
4872259
4887067
4999382
7061061
7125162
7178602
7196370
7237157
7261056
9032303
9056570
7361787
7361793
7683990
9617102
9621126
9621127
9621857
9631047
9637193
9563097
9564305
9585115
9462302
9493929
9497049
9161308
9197151
9208032
9211912
9506403
9506404
9523970
9530908
9532791
9536704
9539949
9640257
9648214
9649998
9657432
9879155
9890951
9890952
9890953
9890954
9892262
9892945
9895209
9897171
9833381
9838790
9852191
9759373
9761624
9767357
9778052
9779482
9781409
9783793
9793883
9814009
9817490
9830841
9830842
9830863
9830971
9830972
9831930
9831931
9726715
9739711
9749619
9689142
9694044
9699926
9699944
9716775
9718605
9360698
4034897
7099331
9113802
9247697
9247698
9261629
7908188
7618547
7689509
7690479
7692961
7695004
7839182
7921811
7934544
7950743
7952606
7986787
7993739
9052272
9070165
9085947
9093739
9101288
9210969
9229371
9230039
9244511
9250267
9251284
9254741
9258007
9264131
9265021
9265106
9276785
555569340
585438054
588275790
7180218
7251738
7256207
7258798
7328897
7329614
7334516
7378167
7397817
7432761
7435847
7457310
7458171
7483692
7487495
7488114
7505970
7507302
7507573
9282798
9285858
9289365
9311991
9319935
9322576
9329669
9334004
9340917
9341854
9350943
9351157
9360461
9365934
9380795
9386548
9387488
9420739
9495172
9498059
9506611
9529520
2094573
2070976
2073301
2293593
2300199
2476141
2476774
2466610
2457960
2460950
2465229
2321704
2382817
2383204
2170698
2414987
2422324
2403327
9798840
9807771
9811216
9811295
9779749
9784909
9790718
9726336
9755297
9756377
9722580
9456483
9842927
9847284
9850911
9831837
9837398
9838860
9841295
9815425
9816339
9820766
9825019
9827490
9827491
4031031
4036064
4052591
4093260
4131962
4153669
4168011
4220837
4220838
4243532
4278540
4293114
4353019
4449556
4755455
4778401
4830543
4968975
503884666
9900932
9686201
9656713
9644323
9645447
9648938
9650352
9651143
9651966
9655164
9655464
9688646
9664759
9667134
9668426
9674133
9675284
9438760
9383231
9385551
9392097
9365769
9399911
9336279
9425081
9426320
9431106
9302015
9304294
9280759
9282847
9242572
9260996
9307155
9311048
9326864
9326864
9326864
9616476
9616533
9620506
9622593
9622819
9626550
9583094
9590618
9599726
9617986
9866411
9871375
9712845
9776535
9810105
9734333
9459266
9459934
9494077
9469071
9476728
9478811
9314570
9320714
9289267
9289680
9302731
9309008
9309008
9309008
9262098
9264233
9271947
9242593
9705074
9705098
9693827
9412815
9423337
9423353
9423370
9381892
9341296
9341427
9341443
9352549
1374839
1375073
1469837
1510641
1445687
1446229
1446230
1446231
1449624
1172545
1178255
1182531
1188541
1098164
1212862
1212878
1111292
1136831
1158973
1948059
1960404
1960407
1972007
1983889
1984676
1892951
1898514
1697601
1727311
1686446
1283132
1238856
1258550
1233913
1266159
1328230
1337959
1837057
1795671
1856143
1533760
153743
1658772
1627372
1582798
7926073
7926073
7926073
7927018
7827566
7827566
7828287
7828287
7828346
7828346
7828346
7828346
7838867
7869072
7879936
7879936
7879936
7889931
7891662
7909971
7911580
7963056
7963056
7964083
7964083
7964083
7964083
7969836
7976166
7976166
7976166
7976166
7977915
7936545
9017488
9017488
9022692
9014799
9014799
9002529
9002529
9002920
9002920
9002068
9002068
9009291
9009531
9006256
9006267
9006267
9093186
9093186
9032285
9032285
9041512
9031455
9047338
9047338
9179531
9209513
9107258
9108074
9098359
9098359
9153946
9153946
9153946
9158819
9158819
9103997
9230539
9231163
9239741
7609007
7612291
7697173
7817452
7819602
7652063
7646532
7648399
7691150
7695036
7991351
7991351
7993541
7996810
7996810
7987125
7987158
7987493
7988598
7988598
7988598
7981418
7981418
7981748
7981748
7981748
7982352
7983460
7983613
7983613
7983613
7983793
7983793
7978669
7978669
7984989
7984989
7998890
7999131
7999131
7999131
7999612
7999612
4907095
4893324
4893324
4893324
4897450
4792305
4712593
4869768
4869768
4855242
4860478
4860478
7576164
7528820
7569872
7569872
7251536
7195957
7232745
7232745
7291960
7311202
7317862
7338926
7212470
7212470
7223555
7223555
4968398
4968410
4971676
4971676
4971676
7134156
7139698
7139698
4990493
4998686
7163362
7163362
7163362
7164256
7168591
4973187
4973187
4973187
4975018
4985656
4985799
4986128
4986384
4987367
4987367
4987367
7097850
7110985
7115765
7126716
4952062
4952130
4957974
4958253
4960002
4962141
4962141
7419305
7388387
7490077
7502319
7502319
7502319
7343939
7343939
7374042
7374042
7474367
2415539
2407849
2427079
2427261
2293525
2305290
2246223
2064369
2030320
2134990
2144436
2081833
2133109
2093307
2095515
2095532
2104074
2176654
2176818
2194998
2157580
2153809
2464344
2482351
2496216
2470394
2382271
2382505
2377466
2317839
2326898
2327877
2335411
234860
4682031
4682031
4682096
4682096
4682096
4664296
4664296
4664296
4674071
4674071
4675260
4675260
4675264
4675264
4675264
4661204
4661472
4667381
4579776
4579776
4581970
4581970
4573198
4573198
4573283
4573283
4573283
4573388
4573394
4573394
4573409
4573409
4573409
4574314
4574314
4574314
4574840
4575172
4575172
4575172
4575172
4466264
4497599
4497599
4497599
4497713
4591800
4575795
4575800
4575902
4576017
4576017
4577298
4577298
4577842
4577842
4577842
4578400
4578650
4582754
4582757
4582928
4583259
4583259
4583393
4583393
4583393
4583462
4378685
4378685
4380182
4380182
4316769
4391162
4391162
4386302
4386302
4386329
4387493
4387493
4387493
4375976
4375976
4598784
4598784
4594762
4594762
4598906
4598906
4598906
4600382
4600382
4602606
4602606
4603239
4603239
4411222
4411222
4411222
4414019
4414019
4414019
4414291
4414291
4414770
4414770
4414770
4394092
4394092
4396152
4396205
4396205
4420492
4428835
4402308
4402308
4403510
4403510
4403510
4403717
4403717
4403773
4405985
4408287
4408287
4408331
4408331
4408331
4410115
4410115
4410115
4410115
4401185
4415736
4415736
4415904
4415904
4415904
4416843
4416843
3848679
3903365
182417
3641161
3676510
9497337
9664346
9604283
9310453
9220761
7507524
9381678
9385452
9427627
9447181
9455573
9486124
9486127
9489716
9185975
9186089
9191413
9191437
9193913
9193917
9206553
9208267
9208701
9210288
9213338
9215943
9120681
9130887
9139369
9152427
9158894
9165130
9176787
9179915
4818411
7287933
9166188
9237542
9237729
9238767
9251032
9522805
9522806
9522808
9522809
9522810
9522811
9522813
9606828
9422160
9451208
9482670
9647623
9647624
9647626
9651366
9712316
9712335
9733685
9735159
9804057
9804648
9805214
9824176
9824177
9824179
9831901
9840026
9840027
9840028
9845381
7680380
7716683
7995216
9004117
9004460
9005075
9005092
9015783
9029296
9031041
9050578
9065775
9071395
9092750
7564106
7620959
7621020
7621021
7621104
7408760
9744005
9838649
9697153
9833834
3268132
3214953
3229411
3246008
324104
3183096
3191428
3169469
2973074
2999114
2999716
2905647
2905648
2905649
3086941
3069018
3098697
3099657
3150541
3142600
3147779
3062957
3010851
2578660
2580387
2583217
2595415
2793535
2793789
2548706
2534574
2558530
2723488
268161
2682850
2684270
2711435
2855412
2878124
2842853
2666938
2627869
2624241
262425
2757405
10512457
10512457
10517566
10517834
10502786
10502792
10502800
10502806
10502811
10502817
10502822
10502826
10502834
10502839
10502847
10502854
10502860
10502865
10502872
10502878
10502885
10502892
10502898
10502900
10503391
10503396
10503402
10503408
10503414
10503420
10503426
10503432
10503443
10503455
10503458
10503467
10503472
10503483
10503486
10503491
10503497
10503503
10503509
10503519
10503530
10503533
10504592
10504597
10504601
10504612
10504620
10504625
10504628
10504646
10504655
10504662
10504665
10504673
10504678
10504683
10504686
10504691
10504695
10504697
10504702
10504712
10504716
10504720
10504731
10504735
10504755
10504758
10504763
10504768
10504773
10504778
10504784
10504814
10504816
10504823
10504827
10504831
10504841
10504846
10504858
10504863
10504873
10504886
10504891
10504929
10504935
10504943
10504949
10504954
10504967
10504972
10504978
10504984
10504988
10504993
10504999
10505003
10505007
10505011
10505016
10505021
10505027
10505030
10505036
10505042
10505046
10505072
10505084
10505090
10505109
10505116
10505125
10505129
10506470
10506473
10506479
10506541
10506546
10506549
10506554
10506558
10506563
10506569
10523537
10523869
10476649
10447850
10501688
487327
497216
428849
443698
3745048
843311
77626
923257
928905
936754
78429
793923
812304
694750
712126
719413
574792
633095
643212
651668
658221
666006
683107
683555
3678678
3694807
3719174
10339551
10339552
10340986
10239865
10277235
966580
10165494
10046533
10069499
10134012
10615404
10615405
10615406
10615407
10616333
10636195
10636370
10650831
10575965
10589012
10589014
10589015
10589019
10662984
10894403
10820405
10825863
10876736
10876756
10876772
10876781
10877571
10855615
10855621
11071847
11071854
11071881
11073325
11073348
11073376
11073384
11073386
11073394
11073401
11073403
11073430
11073433
11073444
11073452
11073555
11074510
11075073
11075079
11075080
11075084
11075088
11075094
11075115
11075117
11075118
11075126
11075127
11075137
11075153
11075165
11075179
11075186
11075195
11075200
11075734
11076153
11076154